72.5 69.8961 13.5687
73.4 70.8884 13.4106
74.3 71.8774 13.2525
75.2 72.8627 13.0944
76.1 73.8368 12.9363
77 74.7958 12.8061
77.9 75.7108 12.6759
78.8 76.5164 12.5364
79.7 77.2489 12.3876
80.5 77.934 12.276
81.4 78.8932 12.1644
82.2 79.874 12.0435
83.1 80.8416 11.9226
83.9 81.7728 11.811
84.7 82.6083 11.6994
85.6 83.3173 11.5971
86.4 83.9343 11.4948
87.2 84.8725 11.3832
88 85.8278 11.2716
88.8 86.7265 11.1879
89.6 87.4087 11.0949
90.4 87.9997 10.9926
91.1 88.8799 10.8996
91.9 89.8171 10.8159
92.7 90.6854 10.7322
93.5 91.3684 10.6485
94.2 91.9535 10.5555
95 92.8476 10.4904
95.7 93.7394 10.4253
96.9 94.9992 10.3137
98 95.8564 10.2021
99.5 97.4118 10.0626
100.9 98.8403 9.9324
102.4 100.364 9.8022
103.8 101.787 9.6627
105.2 103.231 9.5511
106.6 104.679 9.4395
108 105.922 9.3372
109.4 107.401 9.2256
110.7 108.781 9.114
112.1 110.111 9.0024
113.4 111.485 8.9001
114.7 112.82 8.8257
116 114.124 8.7234
117.3 115.429 8.6397
118.6 116.765 8.5653
119.9 117.952 8.4723
121.2 119.336 8.3886
122.5 120.596 8.3142
124 122.445 8.2212
125.6 123.74 8.1468
127.4 125.591 8.0259
129.2 127.376 7.9329
131 129.255 7.8306
132.8 130.983 7.7376
134.6 132.803 7.6353
136.4 134.581 7.5609
138.1 136.306 7.4772
139.8 138.031 7.4028
141.6 139.768 7.3191
143.2 141.441 7.2354
144.9 143.165 7.1703
146.9 145.376 7.0959
148.8 147.029 7.0122
151 149.25 6.9192
153.2 151.403 6.8262
155.3 153.556 6.7425
157.4 155.695 6.6681
159.5 157.839 6.603
161.6 159.924 6.5379
163.9 162.478 6.4449
166.2 164.512 6.3798
168.8 167.076 6.2868
171.3 169.578 6.2124
173.7 172.107 6.1473
176.2 174.558 6.0729
178.6 176.99 6.0078
181.1 179.452 5.9334
183.4 181.891 5.8683
185.8 184.255 5.8218
188.2 186.571 5.7567
190.5 188.911 5.7009
193 191.695 5.6451
195.6 193.998 5.5893
198.3 196.771 5.5242
201 199.461 5.4684
203.7 202.196 5.4033
206.3 204.868 5.3475
209 207.487 5.301
211.6 210.073 5.2452
214.2 212.717 5.1987
216.7 215.261 5.1429
219.3 217.829 5.0964
221.8 220.349 5.0592
