#6 12 C11 1220.41518
18.0513 0.7806
21.2701 7.4267
21.9097 9.4156
22.5226 14.7046
22.7949 16.6707
23.0672 18.6489
23.3122 20.4936
23.5573 22.2777
23.7751 24.2681
24.3333 28.4278
24.8438 32.3874
25.1842 35.8983
25.7741 39.5479
26.1288 41.8466
26.6249 45.5959
26.8972 47.4972
27.2603 49.7273
27.7708 53.4593
28.0976 55.6529
28.4175 57.9432
28.9280 61.6665
29.5066 65.4592
29.9976 68.0260
30.7901 70.4741
31.9765 73.5299
33.3800 76.9063
33.9243 78.5051
35.1466 80.0734
36.4081 81.5966
37.9831 84.0332
42.1646 82.9523
46.0085 81.4479
49.8106 80.1660
53.7395 78.1487
55.9759 77.0176
58.2441 75.9458
61.9727 74.2978
64.0065 73.4301
66.0054 72.2337
67.9153 71.1071
69.9765 70.0446
71.8241 68.9292
73.9103 67.7453
78.0810 65.8484
82.0004 64.2666
86.2590 62.4187
90.2937 61.0749
94.0522 59.5153
98.2393 57.9456
102.3235 56.4335
106.0325 54.9807
109.5968 53.9687
114.3325 53.0706
118.1236 52.0895
121.6941 51.1070
125.8328 50.1843
130.1362 49.5413
133.5705 48.9883
137.6890 48.5916
141.4716 47.9380
145.5461 47.5608
149.7251 46.7918
153.7020 46.4483
157.5926 46.0539
162.1220 45.6971
165.6823 45.2680
169.7352 44.6947
173.9848 44.1792
178.0130 43.9413
182.0413 43.6489
185.8307 43.3904
190.0611 42.8970
193.5839 42.6612
198.0876 42.4754
#8 16 C11 1220.41518
0.6176 0.0013
3.8967 0.0019
8.4876 0.0027
12.4226 0.0034
16.3577 0.0041
20.2927 0.0048
24.2277 0.0055
26.1545 0.5002
27.7782 0.9327
28.8546 1.6896
29.8265 2.3423
30.0294 2.9019
30.3231 3.3654
30.8677 3.9742
31.9608 4.6121
32.3789 5.0414
32.6725 5.5405
33.3293 6.0897
34.1410 6.5746
34.4560 7.0920
35.0220 7.6443
35.4973 8.1322
35.9031 8.5714
36.1968 8.9082
36.4905 9.3915
36.5247 9.7836
36.7841 10.3184
36.7841 10.8175
37.0778 11.3452
37.3715 11.8872
37.7880 12.3773
38.2526 12.9212
38.4128 13.4414
38.8293 14.1399
38.8399 14.5612
39.3686 15.5994
39.7210 16.2726
39.9079 16.6774
39.9474 17.2099
40.6021 17.7344
40.9865 18.4550
41.4831 18.8754
42.0278 19.4990
42.6579 20.0165
42.8608 20.5712
43.2452 21.0861
44.1263 21.5140
44.3666 21.8412
48.2459 22.3507
50.0000 22.7272
52.0238 23.0476
56.3970 22.7742
58.8106 22.3723
60.5323 22.0184
62.3348 21.6599
63.8459 21.2361
66.3556 20.7033
67.8584 20.2989
70.2643 19.8788
72.4429 19.5108
74.0822 19.0951
75.4839 18.8559
77.3261 18.5174
80.5433 17.9911
84.2678 17.5506
88.2592 17.0926
92.6325 16.6292
96.0019 16.1942
99.9960 15.7999
104.1610 15.3385
107.5624 15.0369
112.2614 14.6813
115.7696 14.4523
119.7637 14.1611
124.0515 13.8932
128.0457 13.7157
132.0398 13.4660
135.7402 13.2897
139.7343 13.0813
144.0702 12.8527
148.3847 12.6913
151.7381 12.5242
156.0259 12.4694
160.0200 12.3362
163.7205 12.1847
167.4743 12.0530
171.8262 11.9528
175.5266 11.8431
179.8144 11.7313
183.8086 11.5731
187.8027 11.6321
191.8502 11.4512
195.9084 11.3055
199.5256 11.2692
203.6030 11.1438
207.6388 11.1104
211.5912 10.9798
215.8791 10.8817
219.8732 10.8447
223.5736 10.7292
227.6799 10.6377
231.6793 10.5375
235.9672 10.4555
239.6676 10.3505
243.9554 10.2779
248.1161 10.1957
#8 16 O15 122.26643
15.9359 1.1041
19.8203 4.7452
20.1370 6.1760
20.7255 10.0160
21.0406 13.0454
21.4742 16.8142
21.8665 20.7606
22.2110 23.5840
23.0293 28.7281
23.1007 31.2640
23.2955 32.6769
23.3982 34.0800
23.9894 38.6880
24.5724 40.9920
24.9760 44.4326
25.7522 49.4400
26.0533 53.2800
26.6418 57.1200
27.8184 64.6720
28.1737 67.4088
28.4092 69.1520
29.5729 73.1200
30.4487 76.9600
31.3246 80.8000
32.3029 84.4495
33.9389 88.6080
35.1672 92.4557
36.0945 95.2006
38.7648 94.1325
40.8789 93.2765
44.1296 92.3475
48.3490 90.5632
52.1981 88.6996
56.1974 87.0159
60.0317 84.8207
62.4881 83.5564
64.0877 82.2363
66.4163 80.8956
68.0582 79.7463
70.1090 78.3680
72.2554 77.1751
74.1237 76.0640
76.2042 75.1387
80.1817 73.0710
82.7287 71.7120
84.6469 70.7643
88.0566 69.2973
92.0059 67.6891
96.1287 65.7719
99.9837 63.9348
104.2180 62.6136
107.9793 61.4720
112.4495 60.4684
116.1428 59.3080
120.2687 58.2606
123.8470 57.3556
127.7730 56.2845
132.1007 55.1281
135.8039 54.1946
139.7801 53.7059
143.9000 52.9302
147.9465 52.2525
151.6340 51.4751
156.1909 50.8990
159.7714 49.9273
163.9519 49.2535
167.9198 48.7507
171.7991 48.4547
175.9466 47.8525
179.9263 47.8385
#8 16 N13 597.9
8.0402 0.4372
9.1350 0.9709
9.9861 2.2156
10.3769 4.1591
10.6854 6.9723
11.0584 10.5964
11.3234 15.2241
11.6655 23.6110
11.9379 26.4904
13.9221 27.1044
14.3784 36.2162
14.6639 38.8288
15.1156 47.6240
15.5589 37.5676
15.8669 34.8649
15.8889 31.8217
16.7902 26.9369
16.9134 24.4785
17.5880 21.5614
17.9298 19.0466
19.2107 15.5856
20.0090 12.3170
21.0588 8.9316
22.0070 6.7021
22.9530 5.7685
25.0765 4.1384
26.2741 3.4549
27.9327 2.7508
29.9203 2.5496
31.2448 2.5496
37.2338 3.5614
42.0722 4.1332
46.9361 4.7967
50.9463 5.3332
55.4234 5.6421
59.3744 5.6215
64.0043 5.7778
68.1971 5.9653
72.4282 6.2970
76.5932 6.3926
81.1425 6.5019
85.0866 6.3561
89.8044 6.3676
94.1235 6.5371
98.0000 6.4476
103.1522 6.3725
106.9868 6.3493
111.8801 6.1906
116.3071 6.1021
122.4647 6.0516
126.4898 5.9667
131.1122 5.8441
135.2374 5.9522
139.5506 5.8831
143.7481 5.8466
148.3924 5.6573
152.0321 5.7925
156.5807 5.8072
160.9624 5.9421
164.9426 5.9178
169.7825 5.9252
174.0671 6.0505
178.4359 5.9589
183.3380 6.0137
187.5119 6.0948
192.1550 6.1677
196.5745 6.1021
201.0860 6.1513
205.4215 6.2865
209.6930 6.2398
214.0607 6.4044
218.8661 6.3602
223.1996 6.4055
227.5053 6.4904
232.2618 6.5297
236.5680 6.4869
240.9012 6.6084
245.7064 6.6108
248.5865 6.5543
#20 40 K38 458.17
1.3175 0.0839
4.4796 0.0819
7.6416 0.0799
10.8037 0.0779
12.9117 0.0765
13.9657 1.3444
15.0198 2.8659
16.0738 4.3874
17.1278 5.9090
18.1818 7.4305
19.2358 9.2057
20.2899 10.7273
21.3439 12.7562
21.8709 14.7854
22.9249 17.0681
23.4519 18.5899
23.9789 19.8581
24.5059 21.3800
25.0329 22.6481
25.5599 24.1700
26.0870 25.6919
26.6140 27.4674
27.1410 29.2430
27.6680 31.0186
28.1950 33.0478
28.4585 34.5699
28.7220 36.0919
29.2490 37.3601
29.2490 38.8823
30.0395 41.6724
30.3030 43.1945
30.8300 45.2237
31.0935 46.6189
31.3570 48.0141
31.8841 50.2971
32.1476 51.5654
32.4111 53.0874
32.9381 55.2435
33.2016 56.6387
33.4651 58.1608
33.9921 60.1900
33.9921 61.4585
34.5191 62.9804
34.7826 64.7561
35.0461 66.0245
35.5731 67.5463
35.8366 69.0683
36.1001 70.3367
36.6271 72.1122
37.1542 73.8878
37.4177 75.1561
37.6812 76.4245
38.7352 77.9460
40.3162 79.2135
42.4242 78.7048
42.9513 77.6896
44.0053 76.1668
45.0593 74.3902
46.1133 72.6136
47.1673 70.5834
48.2213 68.6799
49.2754 66.7765
49.8024 65.0003
50.8564 63.7311
51.9104 62.2083
52.9644 60.9391
54.5455 59.1622
56.1265 57.3853
57.7075 55.8621
59.8155 53.8312
62.4506 51.7999
65.0856 50.2760
68.2477 48.4981
71.9368 46.9736
75.6258 45.1953
78.7879 43.6711
82.4769 42.1466
85.6390 41.3835
88.8011 40.3667
92.4901 39.0958
95.1252 38.3331
98.2872 37.5700
100.6588 36.8074
103.0303 36.0448
107.7734 35.0269
111.9895 34.2632
115.6785 33.4997
119.3676 32.9900
122.0026 32.4809
124.6377 31.9719
128.8538 31.4618
133.0698 30.9517
136.2319 30.4423
139.9209 29.9326
142.5560 29.4235
145.1910 28.9144
149.4071 27.8969
153.0962 26.8798
158.1028 25.3544
161.0013 24.5915
164.1634 23.8284
166.7984 22.9388
169.1700 22.1762
171.5415 21.2867
174.1765 20.5239
176.2846 19.7615
178.9196 18.7450
181.5547 17.9823
184.7167 16.7118
187.3518 15.6953
189.9868 14.6788
192.6219 13.9161
196.5744 12.5182
199.4730 11.2479
#15 31 P30 149.904
19.6 10.5
20.3 50
20.9 70
22 80
23 180
23.6 200
25 240
30 141
30.5 132
34 51
34.4 46
